926
810
725
2391
1650
798
853
94960
1146
990
1057
857
801
783
1482
1486
1571
782
768
1207
3357
1222
747
724
822
721
822
883
949
965
735
753
786
848
1063
816
1188
1766
1241
1541
793
2200
742
783
1270
779
704
1299
846
820
684
867
819
719
757
712
1347
1065
791
732
767
811
801
778
864
1078
3439
772
1231
735
816
867
755
840
918
792
1501
821
781
894
699
2709
809
716
799
10244
737
1075
781
961
755
711
1143
878
671
687
725
1190
9138
1274
890
915
831
1006
864
952
2911
855
741
944
905
1710
4667
746
1131
4436
2449
1232
782
778
689
3679
1511
1571
694
719
1018
1113
2130
797
1164
1251
712
969
726
981
1552
4264
902
1497
804
819
775
988
2005
745
1052
787
799
721
761
3031
1118
777
1847
906
762
925
699
920
896
3426
1762
1532
843
1564
1007
1169
686
1255
1260
1046
1226
671
1818
835
1925
759
866
8447
715
1979
1671
788
1036
868
796
752
1011
785
1600
3314
1212
2132
794
989
1010
843
746
3596
733
706
1334
6979
2157
10772
1207
1078
840
1877
1013
748
1672
766
783
892
742
929
3027
733
759
883
837
665
833
1049
3356
848
1389
1390
851
734
812
745
720
725
2743
819
717
831
803
789
832
967
2066
999
1327
764
1823
824
795
1649
779
947
990
918
777
1060
772
717
1296
988
9092
1263
700
722
846
4020
700
1610
708
1397
785
794
1101
2657
1534
1019
733
1001
1012
1913
1339
688
830
751
961
3269
745
861
960
2527
805
1103
810
725
3632
953
830
832
818
911
818
1045
855
4945
712
1186
830
6103
710
1001
1130
922
2093
731
617
2518
700
3527
989
1065
771
798
960
1247
867
2665
763
2099
4126
830
804
3026
1345
942
708
943
725
749
663
3874
735
4045
2977
1851
723
675
932
768
711
16532
751
1059
1177
2255
743
697
1363
939
4359
1827
752
2065
988
3640
1178
5233
734
798
2896
1999
2240
1017
854
784
846
1275
2545
845
772
943
731
803
1136
929
1326
1077
720
807
762
1381
5793
798
748
28923
826
1530
780
891
1902
917
11218
842
863
746
889
1065
711
733
1297
761
1121
753
1035
1106
898
741
605
1081
697
783
973
783
1979
1417
1097
977
810
1036
1579
875
1952
653
960
1229
1160
884
930
1433
795
703
980
974
880
835
1219
1123
2532
709
1018
714
650
982
723
706
799
614
2680
2035
892
4629
3130
727
4254
852
1063
1229
851
684
753
761
882
727
722
13494
24345
2622
679
683
830
700
2174
2263
826
1387
1320
1047
816
760
751
3081
678
1099
972
735
1042
904
752
824
689
820
1601
1132
716
1053
1035
2964
3167
681
1089
3276
782
719
833
2535
733
1746
1078
681
792
695
1034
826
817
709
883
860
703
851
1144
673
1044
747
1352
922
16515
1877
1521
1039
808
705
1624
703
1017
746
738
767
1164
1028
718
847
751
724
1297
694
727
1282
1313
918
976
2263
2306
2028
735
866
821
757
1834
1033
1649
2695
744
731
1027
6873
821
626
796
1361
965
2079
1790
795
10735
788
1302
740
1885
712
753
943
722
734
729
745
1871
688
1628
865
1555
807
771
783
806
1235
1764
2802
647
1053
679
847
973
1938
4195
811
2465
712
752
767
860
753
795
822
1916
705
958
1123
809
764
724
866
681
2485
3133
9821
2677
674
1562
759
1878
574
700
757
786
967
2458
762
727
1263
705
717
886
941
119443
746
1125
930
891
752
959
790
742
4747
722
1676
793
1252
682
1649
7739
855
2734
1930
947
2521
1996
1230
24630
736
1106
2048
9481
1516
2161
870
1169
940
777
883
722
4967
1641
6099
3164
1540
726
805
1409
2327
707
713
681
731
830
997
715
2419
1288
883
673
783
812
1454
3208
1438
921
11647
1429
703
747
1348
717
843
749
853
1556
699
1314
2660
717
987
787
992
803
808
708
2243
1130
915
2550
836
1245
957
729
1022
779
773
1965
21972
776
870
1513
859
1260
927
3774
773
2372
2849
703
1346
850
1086
698
1535
1559
825
826
985
846
825
758
2195
1026
4664
965
1201
4792
875
916
734
862
2111
1021
1064
1138
1172
5943
943
971
760
1292
973
830
7902
1465
758
841
902
1452
860
809
986
806
2314
706
1806
707
5360
806
1344
809
671
1871
871
723
715
877
1597
2070
1282
771
802
659
2238
830
1528
751
11493
899
861
787
717
665
678
816
800
808
1768
887
818
1048
945
737
907
1536
1086
883
923
951
819
734
1138
1568
977
1185
1462
709
1527
823
2397
2485
764
720
1212
873
1061
748
805
1469
827
1927
857
1638
777
6842
1823
2086
748
761
691
4122
2664
685
708
993
902
889
1968
1049
1008
1431
1079
1466
752
751
923
2271
4236
1077
1513
752
691
850
3669
873
6288
2780
891
756
997
1297
1149
799
1225
1432
873
1569
959
1500
710
832
681
1099
719
1059
687
737
3360
1892
918
875
1217
927
888
981
1071
2837
731
728
773
5705
673
1242
791
794
702
1437
1052
6685
753
802
766
1043
907
910
1206
813
1653
1168
1869
745
980
763
933
793
720
738
761
784
993
757
795
941
1679
797
724
735
1662
1727
762
850
867
736
671
786
767
2437
1247
685
1004
754
1845
1243
837
755
2466
715
1047
864
632
725
1225
3290
1041
729
725
894
1356
1047
725
676
1511
1020
718
795
757
1327
787
722
1037
1572
1435
814
745
917
914
1450
834
943
708
1022
745
1108
763
785
829
875
1179
663
1853
718
757
738
821
963
771
1170
807
799
776
685
717
841
851
2083
827
690
687
995
729
1177
769
2885
792
929
806
702
727
2060
836
747
1060
743
1516
866
860
850
711
799
748
2968
745
751
740
2467
797
799
729
802
1248
1445
1599
896
706
1150
816
813
789
799
1134
2389
851
823
784
772
810
706
1088
730
780
840
974
649
731
826
910
4706
1551
967
1299
702
862
3385
1081
798
963
707
5995
1991
1209
1654
860
791
1038
657
749
1751
8375
1203
1342
843
806
1596
2473
696
690
1983
1030
975
1295
683
3032
757
1960
905
738
850
1992
800
1463
7205
1768
720
1338
707
980
755
1234
638
777
765
844
762
3710
1142
965
827
824
1301
1586
650
1394
821
994
2081
749
1141
1199
844
9754
1236
1067
735
753
687
878
1185
713
1172
1045
4186
812
850
1041
8037
1208
974
719
719
703
3745
779
7639
1461
963
